# 1:pos.x 2:pos.y 3:pos.z 4:volume 5:rho 6:vel.x 7:vel.y 8:vel.z 9:p 10:a 11:mu 12:k 13:mu_t 14:k_t 15:S 16:massf[0]-air 17:u 18:T 19:M_local 20:total_p
-7.540058452782044673e-02 3.951296278367125159e-02 0.000000000000000000e+00 1.280095767346514910e-07 5.753040067366425869e-03 4.648583530289411669e+01 -9.233743455483224907e-03 0.000000000000000000e+00 4.937456689035648765e+02 3.466306551648264076e+02 1.846905172184936357e-05 2.624489778852644173e-02 0.000000000000000000e+00 0.000000000000000000e+00 0.000000000000000000e+00 1.000000000000000000e+00 2.145585912499942933e+05 2.989288269591272638e+02 1.341076893440508455e-01 4.999896345110104789e+02
-7.380175358346253989e-02 3.951296278367167486e-02 0.000000000000000000e+00 1.280095767346506440e-07 5.753799377929507547e-03 4.644548347675090127e+01 -2.809734445595738275e-02 0.000000000000000000e+00 4.938262223739004639e+02 3.466360555170389262e+02 1.846905172184936357e-05 2.624489778852644173e-02 0.000000000000000000e+00 0.000000000000000000e+00 0.000000000000000000e+00 1.000000000000000000e+00 2.145652767578780768e+05 2.989381413893613626e+02 1.339892121327710406e-01 5.000601278443347155e+02
-7.220292263910453590e-02 3.951296278367157772e-02 0.000000000000000000e+00 1.280095767346527087e-07 5.754090092477615742e-03 4.638544469220546773e+01 -4.782718837353163582e-02 0.000000000000000000e+00 4.938687810043536501e+02 3.466422349294909395e+02 1.846905172184936357e-05 2.624489778852644173e-02 0.000000000000000000e+00 0.000000000000000000e+00 0.000000000000000000e+00 1.000000000000000000e+00 2.145729268516293378e+05 2.989487997066902381e+02 1.338136691811545043e-01 5.000868255789492309e+02
-7.060409169474585189e-02 3.951296278367154996e-02 0.000000000000000000e+00 1.280095767346499029e-07 5.754701403630345380e-03 4.628965190765995885e+01 -7.004735875841913706e-02 0.000000000000000000e+00 4.939401844276403040e+02 3.466488793494264087e+02 1.846905172184936357e-05 2.624489778852644173e-02 0.000000000000000000e+00 0.000000000000000000e+00 0.000000000000000000e+00 1.000000000000000000e+00 2.145811527753807313e+05 2.989602602859350213e+02 1.335348465390712169e-01 5.001331233285022222e+02
-6.900526075038787566e-02 3.951296278367140424e-02 0.000000000000000000e+00 1.280095767346534498e-07 5.755226046593472575e-03 4.616515630422069449e+01 -9.465738307985226141e-02 0.000000000000000000e+00 4.940045846719418137e+02 3.466556752243602091e+02 1.846905172184936357e-05 2.624489778852644173e-02 0.000000000000000000e+00 0.000000000000000000e+00 0.000000000000000000e+00 1.000000000000000000e+00 2.145895663665304892e+05 2.989719823284702329e+02 1.331732224413876564e-01 5.001646816150851578e+02
-6.740642980602944145e-02 3.951296278367175813e-02 0.000000000000000000e+00 1.280095767346511469e-07 5.756014868722550762e-03 4.599503711678916318e+01 -1.243352532948765604e-01 0.000000000000000000e+00 4.940955123639021735e+02 3.466638205178119847e+02 1.846905172184936357e-05 2.624489778852644173e-02 0.000000000000000000e+00 0.000000000000000000e+00 0.000000000000000000e+00 1.000000000000000000e+00 2.145996508142961247e+05 2.989860322535910768e+02 1.326795657570868092e-01 5.002109494945911479e+02
-6.580759886167109052e-02 3.951296278367141812e-02 0.000000000000000000e+00 1.280095767346526028e-07 5.756827191158348650e-03 4.577866560107183602e+01 -1.597262000177745722e-01 0.000000000000000000e+00 4.941936593026211995e+02 3.466737879389787054e+02 1.846905172184936357e-05 2.624489778852644173e-02 0.000000000000000000e+00 0.000000000000000000e+00 0.000000000000000000e+00 1.000000000000000000e+00 2.146119915070714196e+05 2.990032256402258781e+02 1.320519342476970115e-01 5.002523278238751914e+02
-6.420876791731258693e-02 3.951296278367134873e-02 0.000000000000000000e+00 1.280095767346500617e-07 5.757844328280289914e-03 4.550146573528828498e+01 -2.025024524649098323e-01 0.000000000000000000e+00 4.943164953394734198e+02 3.466862440819570566e+02 1.846905172184936357e-05 2.624489778852644173e-02 0.000000000000000000e+00 0.000000000000000000e+00 0.000000000000000000e+00 1.000000000000000000e+00 2.146274139922398608e+05 2.990247126632965546e+02 1.312481159097589889e-01 5.003027996310076446e+02
-6.260993697295491600e-02 3.951296278367203568e-02 0.000000000000000000e+00 1.280095767346526028e-07 5.758971504041501994e-03 4.515573532668303613e+01 -2.549192552527660971e-01 0.000000000000000000e+00 4.944547842592780285e+02 3.467008007693434024e+02 1.846905172184936357e-05 2.624489778852644173e-02 0.000000000000000000e+00 0.000000000000000000e+00 0.000000000000000000e+00 1.000000000000000000e+00 2.146454379537570348e+05 2.990498241335113221e+02 1.302461799137732690e-01 5.003513029629470452e+02
-6.101110602855121939e-02 3.951296278658407435e-02 0.000000000000000000e+00 1.280095767493280045e-07 5.760337282740987663e-03 4.472118379767164953e+01 -3.216159769969018090e-01 0.000000000000000000e+00 4.946201338752437096e+02 3.467176549067883684e+02 1.846905172184936357e-05 2.624489778852644173e-02 0.000000000000000000e+00 0.000000000000000000e+00 0.000000000000000000e+00 1.000000000000000000e+00 2.146663075429693854e+05 2.990789002091231623e+02 1.289877789992495138e-01 5.004047246341056052e+02
-5.941227508372978749e-02 3.951296283731411951e-02 0.000000000000000000e+00 1.280095769537599621e-07 5.761929682582761850e-03 4.417529187765613585e+01 -4.086727170778615137e-01 0.000000000000000000e+00 4.948124431197055628e+02 3.467371275355558851e+02 1.846905172184936357e-05 2.624489778852644173e-02 0.000000000000000000e+00 0.000000000000000000e+00 0.000000000000000000e+00 1.000000000000000000e+00 2.146904207350150391e+05 2.991124953598483671e+02 1.274082833288135430e-01 5.004578562136722439e+02
-5.781344413289532524e-02 3.951296358844854500e-02 0.000000000000000000e+00 1.280095798351591080e-07 5.763796479402730905e-03 4.347976735169163476e+01 -5.247475916664536832e-01 0.000000000000000000e+00 4.950386803038379071e+02 3.467602171670536109e+02 1.846905172184936357e-05 2.624489778852644173e-02 0.000000000000000000e+00 0.000000000000000000e+00 0.000000000000000000e+00 1.000000000000000000e+00 2.147190146602539462e+05 2.991523331891333441e+02 1.253977002388684536e-01 5.005091286393850964e+02
-5.621461309502834985e-02 3.951297469174679805e-02 0.000000000000000000e+00 1.280096191276357557e-07 5.766052153487502899e-03 4.259322595610825601e+01 -6.843278304840516579e-01 0.000000000000000000e+00 4.953118665487215253e+02 3.467880320041172126e+02 1.846905172184936357e-05 2.624489778852644173e-02 0.000000000000000000e+00 0.000000000000000000e+00 0.000000000000000000e+00 1.000000000000000000e+00 2.147534627523012168e+05 2.992003272018021676e+02 1.228379271395229205e-01 5.005633185091826931e+02
-5.461578176769633225e-02 3.951306721300442554e-02 0.000000000000000000e+00 1.280099000767717583e-07 5.768054467303779763e-03 4.142783955019314135e+01 -8.680819488975313192e-01 0.000000000000000000e+00 4.955807574392609922e+02 3.468219366681535689e+02 1.846905172184936357e-05 2.624489778852644173e-02 0.000000000000000000e+00 0.000000000000000000e+00 0.000000000000000000e+00 1.000000000000000000e+00 2.147954567040156107e+05 2.992588343100574662e+02 1.194761031443185711e-01 5.005503851785730944e+02
-5.301726549728589394e-02 3.949720339213795561e-02 0.000000000000000000e+00 1.279437134163167087e-07 5.770367252694082877e-03 4.013927286490516622e+01 -1.525981403703261741e+00 0.000000000000000000e+00 4.958779564960541393e+02 3.468563837975951856e+02 1.846905172184936357e-05 2.624489778852644173e-02 0.000000000000000000e+00 0.000000000000000000e+00 0.000000000000000000e+00 1.000000000000000000e+00 2.148381267520440742e+05 2.993182833739664375e+02 1.158066306753083863e-01 5.005487998931804441e+02
-5.142029056261849390e-02 3.943460265278058569e-02 0.000000000000000000e+00 1.274900931075014829e-07 5.773397681841266164e-03 3.922211364279912971e+01 -2.790738164231095109e+00 0.000000000000000000e+00 4.962085292235664156e+02 3.468809050033846120e+02 1.846905172184936357e-05 2.624489778852644173e-02 0.000000000000000000e+00 0.000000000000000000e+00 0.000000000000000000e+00 1.000000000000000000e+00 2.148685040285127761e+05 2.993606058163729813e+02 1.133566917638030441e-01 5.006861909913241107e+02
-4.982700210184404233e-02 3.931057665943898244e-02 0.000000000000000000e+00 1.264668369989316080e-07 5.773543674299076549e-03 3.862228029509169858e+01 -4.155990623364013814e+00 0.000000000000000000e+00 4.962715421463644248e+02 3.468985432975783283e+02 1.846905172184936357e-05 2.624489778852644173e-02 0.000000000000000000e+00 0.000000000000000000e+00 0.000000000000000000e+00 1.000000000000000000e+00 2.148903559678247257e+05 2.993910505286879129e+02 1.119786817458315042e-01 5.006412169252913031e+02
-4.823982634511622680e-02 3.912523632824597974e-02 0.000000000000000000e+00 1.248822225641989888e-07 5.774647732785073012e-03 3.832891313903751751e+01 -5.486799016868006085e+00 0.000000000000000000e+00 4.963740719328406499e+02 3.469012092116640815e+02 1.846905172184936357e-05 2.624489778852644173e-02 0.000000000000000000e+00 0.000000000000000000e+00 0.000000000000000000e+00 1.000000000000000000e+00 2.148936588437763567e+05 2.993956521847113663e+02 1.116157548131408300e-01 5.007162769627692001e+02
-4.666118082064601297e-02 3.887886539921865670e-02 0.000000000000000000e+00 1.227502421456784587e-07 5.777456902157024690e-03 3.829939443065901372e+01 -6.960693050769187984e+00 0.000000000000000000e+00 4.966148452307815546e+02 3.469009662011535511e+02 1.846905172184936357e-05 2.624489778852644173e-02 0.000000000000000000e+00 0.000000000000000000e+00 0.000000000000000000e+00 1.000000000000000000e+00 2.148933577701676404e+05 2.993952327208243673e+02 1.122129722151571640e-01 5.010059173556533096e+02
-4.509346979849648829e-02 3.857184839899764628e-02 0.000000000000000000e+00 1.200896784965484570e-07 5.775860221013694173e-03 3.844519254575187261e+01 -8.529192375433233053e+00 0.000000000000000000e+00 4.964539150097791662e+02 3.468926918958248962e+02 1.846905172184936357e-05 2.624489778852644173e-02 0.000000000000000000e+00 0.000000000000000000e+00 0.000000000000000000e+00 1.000000000000000000e+00 2.148831065905923606e+05 2.993809505004409743e+02 1.135219750960362595e-01 5.009469067471777635e+02
-4.353908053771225056e-02 3.820466507024336544e-02 0.000000000000000000e+00 1.169238861054293625e-07 5.774831923641117817e-03 3.869425015916262112e+01 -1.018205583723688079e+01 0.000000000000000000e+00 4.963354732430602212e+02 3.468821890922237117e+02 1.846905172184936357e-05 2.624489778852644173e-02 0.000000000000000000e+00 0.000000000000000000e+00 0.000000000000000000e+00 1.000000000000000000e+00 2.148700948382379720e+05 2.993628221754676701e+02 1.153460463345905157e-01 5.009733888428185651e+02
-4.200037957674394862e-02 3.777788926517393342e-02 0.000000000000000000e+00 1.132805781703981985e-07 5.772999921419477189e-03 3.906099691164476440e+01 -1.192872915928976951e+01 0.000000000000000000e+00 4.961147565390658656e+02 3.468600756928144051e+02 1.846905172184936357e-05 2.624489778852644173e-02 0.000000000000000000e+00 0.000000000000000000e+00 0.000000000000000000e+00 1.000000000000000000e+00 2.148427001957589819e+05 2.993246552193299408e+02 1.177473133288944318e-01 5.009463121999071973e+02
-4.047970906072670405e-02 3.729218805801886444e-02 0.000000000000000000e+00 1.091915783295884545e-07 5.771016914712731247e-03 3.951233147635117149e+01 -1.376528846352063162e+01 0.000000000000000000e+00 4.958733617456446154e+02 3.468352529964994346e+02 1.846905172184936357e-05 2.624489778852644173e-02 0.000000000000000000e+00 0.000000000000000000e+00 0.000000000000000000e+00 1.000000000000000000e+00 2.148119512877603120e+05 2.992818150098339629e+02 1.206378429384669659e-01 5.009434497143861336e+02
-3.897938311184345750e-02 3.674832075200000492e-02 0.000000000000000000e+00 1.046925358516038320e-07 5.768197544787584050e-03 4.009167819696986612e+01 -1.571109374055093433e+01 0.000000000000000000e+00 4.955348445837346958e+02 3.468015695085392167e+02 1.846905172184936357e-05 2.624489778852644173e-02 0.000000000000000000e+00 0.000000000000000000e+00 0.000000000000000000e+00 1.000000000000000000e+00 2.147702296671181684e+05 2.992236873205873167e+02 1.241638080845623576e-01 5.009031285644600757e+02
-3.750168425035727005e-02 3.614713776126077249e-02 0.000000000000000000e+00 9.982260638331341141e-08 5.764794327498546679e-03 4.082435074250254559e+01 -1.779533130814996511e+01 0.000000000000000000e+00 4.951285576097251351e+02 3.467616789765770022e+02 1.846905172184936357e-05 2.624489778852644173e-02 0.000000000000000000e+00 0.000000000000000000e+00 0.000000000000000000e+00 1.000000000000000000e+00 2.147208250118833676e+05 2.991548554199412706e+02 1.284290486278057697e-01 5.008688316098505879e+02
-3.604885987464673952e-02 3.548957937363950849e-02 0.000000000000000000e+00 9.462410088746204780e-08 5.760503998917139261e-03 4.175510737341477352e+01 -2.010171900195921069e+01 0.000000000000000000e+00 4.946109771293641870e+02 3.467094283441516041e+02 1.846905172184936357e-05 2.624489778852644173e-02 0.000000000000000000e+00 0.000000000000000000e+00 0.000000000000000000e+00 1.000000000000000000e+00 2.146561208977293281e+05 2.990647078997193944e+02 1.336619584065513733e-01 5.008241907771380284e+02
-3.462311880975778300e-02 3.477667440503417334e-02 0.000000000000000000e+00 8.914210567832418273e-08 5.755261395710950349e-03 4.290531321392893460e+01 -2.267999251833597185e+01 0.000000000000000000e+00 4.939752862450237103e+02 3.466443307847504798e+02 1.846905172184936357e-05 2.624489778852644173e-02 0.000000000000000000e+00 0.000000000000000000e+00 0.000000000000000000e+00 1.000000000000000000e+00 2.145755215450134710e+05 2.989524147036248110e+02 1.400019924738232502e-01 5.007860960714364751e+02
-3.322662793582770863e-02 3.400953876088292499e-02 0.000000000000000000e+00 8.342407672061837946e-08 5.748742952830810174e-03 4.432367015126655474e+01 -2.558668798227094499e+01 0.000000000000000000e+00 4.931830113121048385e+02 3.465625470218769806e+02 1.846905172184936357e-05 2.624489778852644173e-02 0.000000000000000000e+00 0.000000000000000000e+00 0.000000000000000000e+00 1.000000000000000000e+00 2.144742839255190920e+05 2.988113677165837316e+02 1.476754163587002955e-01 5.007528920942387458e+02
-3.186150889034255335e-02 3.318937394974993960e-02 0.000000000000000000e+00 7.751941390724453260e-08 5.740401923728954449e-03 4.609547173674923215e+01 -2.890722085283836407e+01 0.000000000000000000e+00 4.921715260502925275e+02 3.464584112047003828e+02 1.846905172184936357e-05 2.624489778852644173e-02 0.000000000000000000e+00 0.000000000000000000e+00 0.000000000000000000e+00 1.000000000000000000e+00 2.143454119544381392e+05 2.986318198041989262e+02 1.570455194357735229e-01 5.007210464855696159e+02
-3.052983470903799373e-02 3.231746575335290445e-02 0.000000000000000000e+00 7.147903092997076458e-08 5.729601911563425402e-03 4.836863452609915726e+01 -3.276878684283766319e+01 0.000000000000000000e+00 4.908571447353907047e+02 3.463214187581539818e+02 1.846905172184936357e-05 2.624489778852644173e-02 0.000000000000000000e+00 0.000000000000000000e+00 0.000000000000000000e+00 1.000000000000000000e+00 2.141759376618940441e+05 2.983957036404286214e+02 1.686976512684024987e-01 5.007053912718414495e+02
-2.923362391687147829e-02 3.139518586478936418e-02 0.000000000000000000e+00 6.535515604813136543e-08 5.714848082872790030e-03 5.141809876527976542e+01 -3.738614570501428602e+01 0.000000000000000000e+00 4.890618630316193958e+02 3.461334505100974752e+02 1.846905172184936357e-05 2.624489778852644173e-02 0.000000000000000000e+00 0.000000000000000000e+00 0.000000000000000000e+00 1.000000000000000000e+00 2.139435099321894522e+05 2.980718790469290411e+02 1.836665741333530222e-01 5.007079908283030250e+02
-2.797479723346582570e-02 3.042403478689259533e-02 0.000000000000000000e+00 5.920429111752427500e-08 5.694770571389438409e-03 5.575304430184095850e+01 -4.308232878623815765e+01 0.000000000000000000e+00 4.865628924253677496e+02 3.458560634864708732e+02 1.846905172184936357e-05 2.624489778852644173e-02 0.000000000000000000e+00 0.000000000000000000e+00 0.000000000000000000e+00 1.000000000000000000e+00 2.136007440184960142e+05 2.975943283140265976e+02 2.037238535170307063e-01 5.008459858331142982e+02
-2.675317560642549372e-02 2.940778653682245974e-02 0.000000000000000000e+00 5.326613517994353572e-08 5.662248462885360184e-03 6.259129237472166096e+01 -5.078037465185434485e+01 0.000000000000000000e+00 4.825513380763605937e+02 3.454150996980097830e+02 1.846905172184936357e-05 2.624489778852644173e-02 0.000000000000000000e+00 0.000000000000000000e+00 0.000000000000000000e+00 1.000000000000000000e+00 2.130564126774751348e+05 2.968359511812326446e+02 2.333416494241718209e-01 5.011949333799670399e+02
-2.553875712231339773e-02 2.838242268955320363e-02 0.000000000000000000e+00 5.003259622993749517e-08 5.603738586934216975e-03 7.230931434453775353e+01 -5.663201370299493931e+01 0.000000000000000000e+00 4.760076866538889249e+02 3.448514584738263693e+02 1.846905172184936357e-05 2.624489778852644173e-02 0.000000000000000000e+00 0.000000000000000000e+00 0.000000000000000000e+00 1.000000000000000000e+00 2.123616578777235991e+05 2.958680000211136303e+02 2.663370802603955978e-01 5.000658944001576742e+02
-2.429336838159659381e-02 2.739388305323206194e-02 0.000000000000000000e+00 4.779840906987693947e-08 5.556126849091921546e-03 8.245965729629656948e+01 -6.011641907127477680e+01 0.000000000000000000e+00 4.703495260488674035e+02 3.442613734342514249e+02 1.846905172184936357e-05 2.624489778852644173e-02 0.000000000000000000e+00 0.000000000000000000e+00 0.000000000000000000e+00 1.000000000000000000e+00 2.116355236407805933e+05 2.948563301811894348e+02 2.964228710464573702e-01 4.999201902367712478e+02
-2.300859701914241551e-02 2.645542280015399789e-02 0.000000000000000000e+00 4.566957606849758426e-08 5.501973209279168928e-03 9.333178259278855649e+01 -6.294820738632132873e+01 0.000000000000000000e+00 4.639661359814165280e+02 3.435958611784722621e+02 1.846905172184936357e-05 2.624489778852644173e-02 0.000000000000000000e+00 0.000000000000000000e+00 0.000000000000000000e+00 1.000000000000000000e+00 2.108180639624572068e+05 2.937174232686115261e+02 3.276399925948610958e-01 4.997759279983681608e+02
-2.168667380299359529e-02 2.556840523159725764e-02 0.000000000000000000e+00 4.366507014735990015e-08 5.441964287340827870e-03 1.049129646760868013e+02 -6.518754535594001709e+01 0.000000000000000000e+00 4.568763091069812390e+02 3.428352690921561248e+02 1.846905172184936357e-05 2.624489778852644173e-02 0.000000000000000000e+00 0.000000000000000000e+00 0.000000000000000000e+00 1.000000000000000000e+00 2.098857530955198745e+05 2.924185025766403214e+02 3.602773236161280757e-01 4.997526039822545272e+02
-2.032973171433105630e-02 2.473428625834484321e-02 0.000000000000000000e+00 4.179136601785516105e-08 5.371973800714102167e-03 1.173172390037019852e+02 -6.692941377396451230e+01 0.000000000000000000e+00 4.486988201790593962e+02 3.419593939113256056e+02 1.846905172184936357e-05 2.624489778852644173e-02 0.000000000000000000e+00 0.000000000000000000e+00 0.000000000000000000e+00 1.000000000000000000e+00 2.088146912217878271e+05 2.909262702327844750e+02 3.949773337958668584e-01 4.996399822157753192e+02
-1.893995018709361891e-02 2.395444756464050820e-02 0.000000000000000000e+00 4.005282516843327103e-08 5.294574283168720918e-03 1.304695783439785259e+02 -6.800238081981522953e+01 0.000000000000000000e+00 4.396414535813367479e+02 3.409555878962241309e+02 1.846905172184936357e-05 2.624489778852644173e-02 0.000000000000000000e+00 0.000000000000000000e+00 0.000000000000000000e+00 1.000000000000000000e+00 2.075905587815354520e+05 2.892207758395029487e+02 4.315164749272856204e-01 4.996638484385402421e+02
-1.751956248144840786e-02 2.323018207527916684e-02 0.000000000000000000e+00 3.845258626671643501e-08 5.204383387322378957e-03 1.445123757084383840e+02 -6.853774344974215182e+01 0.000000000000000000e+00 4.292236754791024396e+02 3.397983075701695839e+02 1.846905172184936357e-05 2.624489778852644173e-02 0.000000000000000000e+00 0.000000000000000000e+00 0.000000000000000000e+00 1.000000000000000000e+00 2.061837318349135458e+05 2.872607465233234052e+02 4.706950825220623802e-01 4.995601892458878979e+02
-1.607085283848300877e-02 2.256269089895616628e-02 0.000000000000000000e+00 3.699279295573324685e-08 5.105775536166813101e-03 1.591798053278217822e+02 -6.822915754182935189e+01 0.000000000000000000e+00 4.178720974293595418e+02 3.384970165644435269e+02 1.846905172184936357e-05 2.624489778852644173e-02 0.000000000000000000e+00 0.000000000000000000e+00 0.000000000000000000e+00 1.000000000000000000e+00 2.046075539696949709e+05 2.850647729312906336e+02 5.116326010606037089e-01 4.995848596009122389e+02
-1.459615279891055342e-02 2.195308124808409422e-02 0.000000000000000000e+00 3.567477193425262793e-08 4.993374023004697182e-03 1.747702950872894689e+02 -6.704146035700267703e+01 0.000000000000000000e+00 4.050280006485260742e+02 3.369841645452455623e+02 1.846905172184936357e-05 2.624489778852644173e-02 0.000000000000000000e+00 0.000000000000000000e+00 0.000000000000000000e+00 1.000000000000000000e+00 2.027827270611735294e+05 2.825223747733340360e+02 5.554790463552216062e-01 4.994680607627772133e+02
-1.309783738087956333e-02 2.140236456356442440e-02 0.000000000000000000e+00 3.449920167865120610e-08 4.864974614492097171e-03 1.913702487292040360e+02 -6.522210522183195280e+01 0.000000000000000000e+00 3.905400951176508784e+02 3.352405484315202102e+02 1.846905172184936357e-05 2.624489778852644173e-02 0.000000000000000000e+00 0.000000000000000000e+00 0.000000000000000000e+00 1.000000000000000000e+00 2.006896880583329767e+05 2.796062962781604710e+02 6.030874387097392431e-01 4.993446335244282750e+02
-1.157832117091830808e-02 2.091145479200782337e-02 0.000000000000000000e+00 3.346627250670802370e-08 4.724011658888319087e-03 2.086613970149642228e+02 -6.244975357353226286e+01 0.000000000000000000e+00 3.747922462718971701e+02 3.332758434815104920e+02 1.846905172184936357e-05 2.624489778852644173e-02 0.000000000000000000e+00 0.000000000000000000e+00 0.000000000000000000e+00 1.000000000000000000e+00 1.983442640148434148e+05 2.763385881246093163e+02 6.535313801544891943e-01 4.993256554734971928e+02
-1.004005433526123162e-02 2.048116681616852022e-02 0.000000000000000000e+00 3.257583608355230996e-08 4.568225601735017259e-03 2.266898231691311594e+02 -5.859655265983132466e+01 0.000000000000000000e+00 3.576132100141858814e+02 3.310526149213042117e+02 1.846905172184936357e-05 2.624489778852644173e-02 0.000000000000000000e+00 0.000000000000000000e+00 0.000000000000000000e+00 1.000000000000000000e+00 1.957068461539881537e+05 2.726640662946821294e+02 7.072610626555391189e-01 4.992846985928601953e+02
-8.485518555950647551e-03 2.011221504380527464e-02 0.000000000000000000e+00 3.182754242661860452e-08 4.397863493174877791e-03 2.453735477669789020e+02 -5.357590584490688457e+01 0.000000000000000000e+00 3.390864120703967046e+02 3.285476300808505243e+02 1.846905172184936357e-05 2.624489778852644173e-02 0.000000000000000000e+00 0.000000000000000000e+00 0.000000000000000000e+00 1.000000000000000000e+00 1.927563307709703222e+05 2.685533285366088876e+02 7.644384642489366888e-01 4.992567862447381231e+02
-6.917222896855506308e-03 1.980521216070885854e-02 0.000000000000000000e+00 3.122096263286441193e-08 4.214404102564560731e-03 2.644215660842929765e+02 -4.724492850593100002e+01 0.000000000000000000e+00 3.194821989618604334e+02 3.257761318221203624e+02 1.846905172184936357e-05 2.624489778852644173e-02 0.000000000000000000e+00 0.000000000000000000e+00 0.000000000000000000e+00 1.000000000000000000e+00 1.895180144017563434e+05 2.640416186678402823e+02 8.245204986386124313e-01 4.991446433816400940e+02
-5.337699605910239953e-03 1.956066805378989595e-02 0.000000000000000000e+00 3.075569574417063559e-08 4.025981342883931842e-03 2.831568307682881596e+02 -3.954271074195302305e+01 0.000000000000000000e+00 2.996833800320131900e+02 3.228192825816881850e+02 1.846905172184936357e-05 2.624489778852644173e-02 0.000000000000000000e+00 0.000000000000000000e+00 0.000000000000000000e+00 1.000000000000000000e+00 1.860933735831355152e+05 2.592703165414487216e+02 8.856489506609643847e-01 4.990739924269918788e+02
-3.749499861236899826e-03 1.937898890990542161e-02 0.000000000000000000e+00 3.043145837408020637e-08 3.831422708607292761e-03 3.016645345061707530e+02 -3.053313533829316384e+01 0.000000000000000000e+00 2.796221573616597311e+02 3.196463682271125890e+02 1.846905172184936357e-05 2.624489778852644173e-02 0.000000000000000000e+00 0.000000000000000000e+00 0.000000000000000000e+00 1.000000000000000000e+00 1.824532155728265934e+05 2.541987500400651641e+02 9.485664189785445455e-01 4.990010700674985742e+02
-2.155189470191801789e-03 1.926047649569656225e-02 0.000000000000000000e+00 3.024815594422594830e-08 3.628201150410125062e-03 3.201431055294371504e+02 -2.020820790767372088e+01 0.000000000000000000e+00 2.591045620467599520e+02 3.161956342801356641e+02 1.846905172184936357e-05 2.624489778852644173e-02 0.000000000000000000e+00 0.000000000000000000e+00 0.000000000000000000e+00 1.000000000000000000e+00 1.785351413175309135e+05 2.487399831165369903e+02 1.014499354844146328e+00 4.988743963388879479e+02
-5.573445316731646774e-04 1.920532762290190140e-02 0.000000000000000000e+00 3.020593460890114660e-08 3.416103911731941875e-03 3.386189578345062046e+02 -8.581249549702354429e+00 0.000000000000000000e+00 2.381881240526556667e+02 3.124341758862945539e+02 1.846905172184936357e-05 2.624489778852644173e-02 0.000000000000000000e+00 0.000000000000000000e+00 0.000000000000000000e+00 1.000000000000000000e+00 1.743127040388358291e+05 2.428571694045558615e+02 1.084156917304069045e+00 4.987144889693286700e+02
1.041452926895185390e-03 1.921363380243051866e-02 0.000000000000000000e+00 3.030521319057247782e-08 3.200763921480409904e-03 3.565770791722185322e+02 4.372197128033683100e+00 0.000000000000000000e+00 2.174904369330688496e+02 3.084304724870929704e+02 1.846905172184936357e-05 2.624489778852644173e-02 0.000000000000000000e+00 0.000000000000000000e+00 0.000000000000000000e+00 1.000000000000000000e+00 1.698738506403775245e+05 2.366728389066983880e+02 1.156188882064656864e+00 4.984064000155165672e+02
2.638619324519065300e-03 1.928538109416459007e-02 0.000000000000000000e+00 3.054669467400092169e-08 2.980405313831908584e-03 3.742181042258247885e+02 1.846638881585107228e+01 0.000000000000000000e+00 1.968927897259748931e+02 3.041173934399803898e+02 1.846905172184936357e-05 2.624489778852644173e-02 0.000000000000000000e+00 0.000000000000000000e+00 0.000000000000000000e+00 1.000000000000000000e+00 1.651560517727283295e+05 2.300998740437240713e+02 1.232002713317838616e+00 4.979612612057439378e+02
4.231573894947206378e-03 1.942045017763706360e-02 0.000000000000000000e+00 3.093135704335325603e-08 2.758090252158843219e-03 3.912902893607337091e+02 3.376514546549003626e+01 0.000000000000000000e+00 1.767509387707977737e+02 2.995302201671158855e+02 1.846905172184936357e-05 2.624489778852644173e-02 0.000000000000000000e+00 0.000000000000000000e+00 0.000000000000000000e+00 1.000000000000000000e+00 1.602113442738588201e+05 2.232107739443912067e+02 1.311201303447981248e+00 4.972665607398679413e+02
5.817742917113621903e-03 1.961861711566542654e-02 0.000000000000000000e+00 3.146042143039417304e-08 2.537477319096170716e-03 4.075530006695944962e+02 5.026920048095993820e+01 0.000000000000000000e+00 1.573957354603488454e+02 2.946859390265859702e+02 1.846905172184936357e-05 2.624489778852644173e-02 0.000000000000000000e+00 0.000000000000000000e+00 0.000000000000000000e+00 1.000000000000000000e+00 1.550710761785370705e+05 2.160492135377999148e+02 1.393488608803090889e+00 4.963094969932778895e+02
7.394562205283294193e-03 1.987956112345949655e-02 0.000000000000000000e+00 3.213527105327019976e-08 2.320204580777326595e-03 4.228354189240396295e+02 6.790329299940060537e+01 0.000000000000000000e+00 1.390461420459359658e+02 2.896545464643687069e+02 1.846905172184936357e-05 2.624489778852644173e-02 0.000000000000000000e+00 0.000000000000000000e+00 0.000000000000000000e+00 1.000000000000000000e+00 1.498209933704984433e+05 2.087346563061267091e+02 1.478495762317655338e+00 4.948328666118989076e+02
8.959455983226482720e-03 2.020296574380907317e-02 0.000000000000000000e+00 3.295691710198365218e-08 2.109438525940105641e-03 4.370719276529204080e+02 8.656782063498280877e+01 0.000000000000000000e+00 1.218142541662012093e+02 2.843345509987373703e+02 1.846905172184936357e-05 2.624489778852644173e-02 0.000000000000000000e+00 0.000000000000000000e+00 0.000000000000000000e+00 1.000000000000000000e+00 1.443681015922385268e+05 2.011375401370003431e+02 1.567035748172110887e+00 4.931651797464056131e+02
1.051189661137214015e-02 2.058072393077139267e-02 0.000000000000000000e+00 3.397945940217792049e-08 1.902406997616393940e-03 4.501695877643900872e+02 1.064155219427284891e+02 0.000000000000000000e+00 1.057588977696842250e+02 2.789785151427682877e+02 1.846905172184936357e-05 2.624489778852644173e-02 0.000000000000000000e+00 0.000000000000000000e+00 0.000000000000000000e+00 1.000000000000000000e+00 1.389803784129711275e+05 1.936312186209237325e+02 1.658107595124354683e+00 4.901676434274251051e+02
1.205793818073286859e-02 2.098307746519227981e-02 0.000000000000000000e+00 3.528898133415052369e-08 1.797875508284337790e-03 4.568124410257091199e+02 1.165356438918218203e+02 0.000000000000000000e+00 9.774476547056325160e+01 2.758868268839999587e+02 1.846905172184936357e-05 2.624489778852644173e-02 0.000000000000000000e+00 0.000000000000000000e+00 0.000000000000000000e+00 1.000000000000000000e+00 1.359170379430753237e+05 1.893632899031432544e+02 1.708826206286555793e+00 4.889374769705794392e+02
1.360355922230705589e-02 2.138695581316195360e-02 0.000000000000000000e+00 3.664279215951820026e-08 1.734469910589410500e-03 4.616936852835297032e+02 1.211186760429554425e+02 0.000000000000000000e+00 9.294625654807856563e+01 2.739028708869134334e+02 1.846905172184936357e-05 2.624489778852644173e-02 0.000000000000000000e+00 0.000000000000000000e+00 0.000000000000000000e+00 1.000000000000000000e+00 1.339692547858806793e+05 1.866495857771103033e+02 1.742647815964316393e+00 4.893639806222752782e+02
1.514916720493495600e-02 2.179088724727722484e-02 0.000000000000000000e+00 3.802274983951736798e-08 1.674523814291345968e-03 4.666492002793628444e+02 1.233488314579253711e+02 0.000000000000000000e+00 8.848504601612998499e+01 2.719902237198316470e+02 1.846905172184936357e-05 2.624489778852644173e-02 0.000000000000000000e+00 0.000000000000000000e+00 0.000000000000000000e+00 1.000000000000000000e+00 1.321047889270787127e+05 1.840519615625309768e+02 1.774609003043990274e+00 4.890848455999100679e+02
1.669477564977213391e-02 2.219482287357833761e-02 0.000000000000000000e+00 3.942826081903344360e-08 1.625436646696286434e-03 4.709136511762426949e+02 1.251234064401933495e+02 0.000000000000000000e+00 8.486962855433925768e+01 2.703679107306920741e+02 1.846905172184936357e-05 2.624489778852644173e-02 0.000000000000000000e+00 0.000000000000000000e+00 0.000000000000000000e+00 1.000000000000000000e+00 1.305335842015705421e+05 1.818629166831229611e+02 1.802185206170443754e+00 4.892759747752867270e+02
1.824038545814938433e-02 2.259875914932816046e-02 0.000000000000000000e+00 4.085928058110997636e-08 1.576019147028978086e-03 4.753931915294361374e+02 1.261711315354447294e+02 0.000000000000000000e+00 8.127362072791396486e+01 2.686940670995990104e+02 1.846905172184936357e-05 2.624489778852644173e-02 0.000000000000000000e+00 0.000000000000000000e+00 0.000000000000000000e+00 1.000000000000000000e+00 1.289223244545068010e+05 1.796180660653491543e+02 1.830525873894643718e+00 4.893362930393424790e+02
1.978599662652347907e-02 2.300269580158519067e-02 0.000000000000000000e+00 4.231580579608686082e-08 1.526828201020931277e-03 4.799264843989667497e+02 1.271531942177736738e+02 0.000000000000000000e+00 7.773947560311876259e+01 2.669867659780377949e+02 1.846905172184936357e-05 2.624489778852644173e-02 0.000000000000000000e+00 0.000000000000000000e+00 0.000000000000000000e+00 1.000000000000000000e+00 1.272891664418062719e+05 1.773427061921728978e+02 1.859586591321868321e+00 4.894346010097808062e+02
2.133160909085517545e-02 2.340663279404724822e-02 0.000000000000000000e+00 4.379783621566534189e-08 1.478879505316382488e-03 4.843847025588031556e+02 1.281410143403831512e+02 0.000000000000000000e+00 7.433849667181307552e+01 2.652800005313980591e+02 1.846905172184936357e-05 2.624489778852644173e-02 0.000000000000000000e+00 0.000000000000000000e+00 0.000000000000000000e+00 1.000000000000000000e+00 1.256669262177474593e+05 1.750825572771439624e+02 1.888749853885828278e+00 4.895377154305034537e+02
2.287722278698306813e-02 2.381057010853959710e-02 0.000000000000000000e+00 4.530537182095948991e-08 1.431971486326976935e-03 4.887910864279314183e+02 1.291067270390743147e+02 0.000000000000000000e+00 7.105442002318653749e+01 2.635678185707471926e+02 1.846905172184936357e-05 2.624489778852644173e-02 0.000000000000000000e+00 0.000000000000000000e+00 0.000000000000000000e+00 1.000000000000000000e+00 1.240499910466826987e+05 1.728297995052951705e+02 1.918118927724097533e+00 4.896339875369295100e+02
2.442283765461644371e-02 2.421450772921212094e-02 0.000000000000000000e+00 4.683841261077293040e-08 1.386052358272584590e-03 4.931504510973728657e+02 1.300500606147761289e+02 0.000000000000000000e+00 6.788164941419991294e+01 2.618486824538792348e+02 1.846905172184936357e-05 2.624489778852644173e-02 0.000000000000000000e+00 0.000000000000000000e+00 0.000000000000000000e+00 1.000000000000000000e+00 1.224370223264866072e+05 1.705825678999748902e+02 1.947728654433038553e+00 4.897212548260421272e+02
2.596845363731940456e-02 2.461844564130198296e-02 0.000000000000000000e+00 4.839695858509811948e-08 1.341064002825707868e-03 4.974677616108266420e+02 1.309737541054144288e+02 0.000000000000000000e+00 6.481438706825285578e+01 2.601207361573952426e+02 1.846905172184936357e-05 2.624489778852644173e-02 0.000000000000000000e+00 0.000000000000000000e+00 0.000000000000000000e+00 1.000000000000000000e+00 1.208264238911879365e+05 1.683386386396216210e+02 1.977621465964024994e+00 4.897976318153005764e+02
2.751407068222054206e-02 2.502238383098668445e-02 0.000000000000000000e+00 4.998100974363845002e-08 1.297145797684521283e-03 5.017256270196789387e+02 1.318909656442777703e+02 0.000000000000000000e+00 6.186015986953675849e+01 2.583896658764209064e+02 1.846905172184936357e-05 2.624489778852644173e-02 0.000000000000000000e+00 0.000000000000000000e+00 0.000000000000000000e+00 1.000000000000000000e+00 1.192236061280864815e+05 1.661055496220166390e+02 2.007709797584315226e+00 4.898627419984501330e+02
2.905968873973962044e-02 2.542632228531290298e-02 0.000000000000000000e+00 5.159056608678417922e-08 1.254516072514301646e-03 5.058994991063752877e+02 1.328097155688836892e+02 0.000000000000000000e+00 5.903109536865402163e+01 2.566648071014220136e+02 1.846905172184936357e-05 2.624489778852644173e-02 0.000000000000000000e+00 0.000000000000000000e+00 0.000000000000000000e+00 1.000000000000000000e+00 1.176371842935896129e+05 1.638953038551810550e+02 2.037839956090917060e+00 4.899179482883045580e+02
3.060530776333328026e-02 2.583026099211703161e-02 0.000000000000000000e+00 5.322562761405527102e-08 1.213307609295493023e-03 5.099758451117460254e+02 1.337261015799055599e+02 0.000000000000000000e+00 5.633299534974440093e+01 2.549529135219692080e+02 1.846905172184936357e-05 2.624489778852644173e-02 0.000000000000000000e+00 0.000000000000000000e+00 0.000000000000000000e+00 1.000000000000000000e+00 1.160731930595369777e+05 1.617163090069861084e+02 2.067900486590413589e+00 4.899651914566375126e+02
3.215092770926878535e-02 2.623419993997049005e-02 0.000000000000000000e+00 5.488619432597151908e-08 1.173547043222857196e-03 5.139526014477094122e+02 1.346315133626876843e+02 0.000000000000000000e+00 5.376445843797056767e+01 2.532569683847099782e+02 1.846905172184936357e-05 2.624489778852644173e-02 0.000000000000000000e+00 0.000000000000000000e+00 0.000000000000000000e+00 1.000000000000000000e+00 1.145340929203821433e+05 1.595719931047898683e+02 2.097844071403285771e+00 4.900059116669798982e+02
3.369654853641373959e-02 2.663813911812327670e-02 0.000000000000000000e+00 5.657226622208758923e-08 1.135209552993979038e-03 5.178321492802120929e+02 1.355195191114198678e+02 0.000000000000000000e+00 5.132079002122347333e+01 2.515780032618577309e+02 1.846905172184936357e-05 2.624489778852644173e-02 0.000000000000000000e+00 0.000000000000000000e+00 0.000000000000000000e+00 1.000000000000000000e+00 1.130205209378987638e+05 1.574632437202696167e+02 2.127656563366026266e+00 4.900411195691419834e+02
3.524217020604222816e-02 2.704207851645935509e-02 0.000000000000000000e+00 5.828384330254591534e-08 1.098245959869826281e-03 5.216185615096696893e+02 1.363866156233387983e+02 0.000000000000000000e+00 4.899590283371598076e+01 2.499160183197741958e+02 1.846905172184936357e-05 2.624489778852644173e-02 0.000000000000000000e+00 0.000000000000000000e+00 0.000000000000000000e+00 1.000000000000000000e+00 1.115321718085888133e+05 1.553896354963422084e+02 2.157341439100538327e+00 4.900715626411986250e+02
3.678779268167103184e-02 2.744601812543704181e-02 0.000000000000000000e+00 6.002092556771626039e-08 1.062602554826456427e-03 5.253157549419852330e+02 1.372317218191299730e+02 0.000000000000000000e+00 4.678363573017616517e+01 2.482707605628353917e+02 1.846905172184936357e-05 2.624489778852644173e-02 0.000000000000000000e+00 0.000000000000000000e+00 0.000000000000000000e+00 1.000000000000000000e+00 1.100685188400870684e+05 1.533504346309726145e+02 2.186906425645086305e+00 4.900977749602079143e+02
3.833341592889058513e-02 2.784995793606200032e-02 0.000000000000000000e+00 6.178351301692010466e-08 1.028233231552655230e-03 5.289263683214725233e+02 1.380556070485228872e+02 0.000000000000000000e+00 4.467849314833711105e+01 2.466422415263043604e+02 1.846905172184936357e-05 2.624489778852644173e-02 0.000000000000000000e+00 0.000000000000000000e+00 0.000000000000000000e+00 1.000000000000000000e+00 1.086292773305711889e+05 1.513452444698889394e+02 2.216354138965075826e+00 4.901202378752974482e+02
3.987903991522038366e-02 2.825389793984903891e-02 0.000000000000000000e+00 6.357160565078380916e-08 9.951021956483311823e-04 5.324515952814844013e+02 1.388599945981403891e+02 0.000000000000000000e+00 4.267577523877658052e+01 2.450309169134056333e+02 1.846905172184936357e-05 2.624489778852644173e-02 0.000000000000000000e+00 0.000000000000000000e+00 0.000000000000000000e+00 1.000000000000000000e+00 1.072145540061148349e+05 1.493742137067408748e+02 2.245678512350467670e+00 4.901391776920650045e+02
4.142466460998196764e-02 2.865783812878050507e-02 0.000000000000000000e+00 6.538520346884556889e-08 9.631889758539326218e-04 5.358906030310342885e+02 1.396475359177303801e+02 0.000000000000000000e+00 4.077182308371278907e+01 2.434379777996383609e+02 1.846905172184936357e-05 2.624489778852644173e-02 0.000000000000000000e+00 0.000000000000000000e+00 0.000000000000000000e+00 1.000000000000000000e+00 1.058250875628165231e+05 1.474383715128932693e+02 2.274859180088745436e+00 4.901547678885725077e+02
4.297028998416510537e-02 2.906177849527571966e-02 0.000000000000000000e+00 6.722430647126376577e-08 9.324803128885081425e-04 5.392417468870693256e+02 1.404205215049035758e+02 0.000000000000000000e+00 3.896348028596207769e+01 2.418650146885264292e+02 1.846905172184936357e-05 2.624489778852644173e-02 0.000000000000000000e+00 0.000000000000000000e+00 0.000000000000000000e+00 1.000000000000000000e+00 1.044619380897877418e+05 1.455391948331411811e+02 2.303867289237033766e+00 4.901672944253098194e+02
4.451591601032837270e-02 2.946571903216706895e-02 0.000000000000000000e+00 6.908891465822251034e-08 9.029574862354589277e-04 5.425042577130182053e+02 1.411797084713517734e+02 0.000000000000000000e+00 3.724734062971216275e+01 2.403134075711692219e+02 1.846905172184936357e-05 2.624489778852644173e-02 0.000000000000000000e+00 0.000000000000000000e+00 0.000000000000000000e+00 1.000000000000000000e+00 1.031259533186909248e+05 1.436778647501434421e+02 2.332676499242062995e+00 4.901769217236131340e+02
4.606154266248572299e-02 2.986965973265777799e-02 0.000000000000000000e+00 7.097902802948816712e-08 8.745915242796011534e-04 5.456788343836054764e+02 1.419245189308830390e+02 0.000000000000000000e+00 3.561949674780026243e+01 2.387840287526087764e+02 1.846905172184936357e-05 2.624489778852644173e-02 0.000000000000000000e+00 0.000000000000000000e+00 0.000000000000000000e+00 1.000000000000000000e+00 1.018175221202262328e+05 1.418549230490672812e+02 2.361268781726627353e+00 4.901837620861535925e+02
4.760716991601623982e-02 3.027360059030870243e-02 0.000000000000000000e+00 7.289464658529217460e-08 8.473423151723804420e-04 5.487676750961827565e+02 1.426535137880278228e+02 0.000000000000000000e+00 3.407553265577291057e+01 2.372771388927558007e+02 1.846905172184936357e-05 2.624489778852644173e-02 0.000000000000000000e+00 0.000000000000000000e+00 0.000000000000000000e+00 1.000000000000000000e+00 1.005365011448788428e+05 1.400701700114950938e+02 2.389636706283803758e+00 4.901876755059737434e+02
4.915279774757211340e-02 3.067754159902361458e-02 0.000000000000000000e+00 7.483577032526355883e-08 8.211620160192448052e-04 5.517740211115360580e+02 1.433653787678917411e+02 0.000000000000000000e+00 3.261074346826432446e+01 2.357924753724897187e+02 1.846905172184936357e-05 2.624489778852644173e-02 0.000000000000000000e+00 0.000000000000000000e+00 0.000000000000000000e+00 1.000000000000000000e+00 9.928230614693963435e+04 1.383227916505180133e+02 2.417782439458137311e+00 4.901887116839283749e+02
5.069842613499581790e-02 3.108148275301104643e-02 0.000000000000000000e+00 7.680239924974543433e-08 7.960048318127093195e-04 5.547006206881809476e+02 1.440597837878351584e+02 0.000000000000000000e+00 3.122071256679727824e+01 2.343298267057470525e+02 1.846905172184936357e-05 2.624489778852644173e-02 0.000000000000000000e+00 0.000000000000000000e+00 0.000000000000000000e+00 1.000000000000000000e+00 9.805440657847399416e+04 1.366120487924173972e+02 2.445706946972673990e+00 4.901863348792235229e+02
5.224405505725217280e-02 3.148542404677420053e-02 0.000000000000000000e+00 7.879453335854688781e-08 7.718247474332817727e-04 5.575506167319223323e+02 1.447366001056747109e+02 0.000000000000000000e+00 2.990112988338096400e+01 2.328887274554313649e+02 1.846905172184936357e-05 2.624489778852644173e-02 0.000000000000000000e+00 0.000000000000000000e+00 0.000000000000000000e+00 1.000000000000000000e+00 9.685207031394679507e+04 1.349369214201148566e+02 2.473416003212845826e+00 4.901813340357234665e+02
5.378968449435110599e-02 3.188936547509033104e-02 0.000000000000000000e+00 8.081217265168114092e-08 7.485760547521247464e-04 5.603270060586727368e+02 1.453960537472452188e+02 0.000000000000000000e+00 2.864788073117814093e+01 2.314687158978871366e+02 1.846905172184936357e-05 2.624489778852644173e-02 0.000000000000000000e+00 0.000000000000000000e+00 0.000000000000000000e+00 1.000000000000000000e+00 9.567458292752997659e+04 1.332964141762421093e+02 2.500915607415808761e+00 4.901735320198299064e+02
5.533531442728843036e-02 3.229330703299419097e-02 0.000000000000000000e+00 8.285531712936236066e-08 7.262203077918544724e-04 5.630320556570718509e+02 1.460389527827267671e+02 0.000000000000000000e+00 2.745735334882171230e+01 2.300695587591534093e+02 1.846905172184936357e-05 2.624489778852644173e-02 0.000000000000000000e+00 0.000000000000000000e+00 0.000000000000000000e+00 1.000000000000000000e+00 9.452143190648492600e+04 1.316898130142029970e+02 2.528207300119756695e+00 4.901637371489645716e+02
5.688094483798430967e-02 3.269724871575667435e-02 0.000000000000000000e+00 8.492396679140052048e-08 7.047201143726407411e-04 5.656674966235596003e+02 1.466667787946803401e+02 0.000000000000000000e+00 2.632615510653350555e+01 2.286911729426236093e+02 1.846905172184936357e-05 2.624489778852644173e-02 0.000000000000000000e+00 0.000000000000000000e+00 0.000000000000000000e+00 1.000000000000000000e+00 9.339223675334463769e+04 1.301165878146449870e+02 2.555289678013789700e+00 4.901508748526316026e+02
5.842657570922623472e-02 3.310119051887614600e-02 0.000000000000000000e+00 8.701812163782799291e-08 6.840520260614682936e-04 5.682340567940652818e+02 1.472808307846079288e+02 0.000000000000000000e+00 2.525164163275167084e+01 2.273339299451976956e+02 1.846905172184936357e-05 2.624489778852644173e-02 0.000000000000000000e+00 0.000000000000000000e+00 0.000000000000000000e+00 1.000000000000000000e+00 9.228699232915723405e+04 1.285767314178415006e+02 2.582151819626302913e+00 4.901375553440604449e+02
5.997220702462006253e-02 3.350513243807200225e-02 0.000000000000000000e+00 8.913778166856069671e-08 6.641741073986574730e-04 5.707337981064819132e+02 1.478823328068257581e+02 0.000000000000000000e+00 2.423044930737624014e+01 2.259975760598353816e+02 1.846905172184936357e-05 2.624489778852644173e-02 0.000000000000000000e+00 0.000000000000000000e+00 0.000000000000000000e+00 1.000000000000000000e+00 9.120518640164477983e+04 1.270695301679416787e+02 2.608795332438894388e+00 4.901196479282517089e+02
6.151783876853671867e-02 3.390907446926135632e-02 0.000000000000000000e+00 9.128294688366533571e-08 6.450829231649463438e-04 5.731661901622131836e+02 1.484714088731975892e+02 0.000000000000000000e+00 2.326101064401352403e+01 2.246831661787787198e+02 1.846905172184936357e-05 2.624489778852644173e-02 0.000000000000000000e+00 0.000000000000000000e+00 0.000000000000000000e+00 1.000000000000000000e+00 9.014736636450125661e+04 1.255957467086313244e+02 2.635194360032565353e+00 4.901054982199651135e+02
6.306347092607660076e-02 3.431301660854759600e-02 0.000000000000000000e+00 9.345361728333881860e-08 6.266990984923890336e-04 5.755368927954829132e+02 1.490491276339671458e+02 0.000000000000000000e+00 2.233845954799412326e+01 2.233886447514703377e+02 1.846905172184936357e-05 2.624489778852644173e-02 0.000000000000000000e+00 0.000000000000000000e+00 0.000000000000000000e+00 1.000000000000000000e+00 8.911158322124755068e+04 1.241526656453514761e+02 2.661387017835546320e+00 4.900806010372145352e+02
6.460910348302040251e-02 3.471695885222034206e-02 0.000000000000000000e+00 9.564979286706333033e-08 6.090878249316498093e-04 5.778396110531435852e+02 1.496133468922826069e+02 0.000000000000000000e+00 2.146445441226633477e+01 2.221181182759974035e+02 1.846905172184936357e-05 2.624489778852644173e-02 0.000000000000000000e+00 0.000000000000000000e+00 0.000000000000000000e+00 1.000000000000000000e+00 8.810081869012495736e+04 1.227444411885255136e+02 2.687283120919198076e+00 4.900715131127081463e+02
6.615473642579262903e-02 3.512090119672729716e-02 0.000000000000000000e+00 9.787147363560855915e-08 5.920307122978891914e-04 5.800938218986165111e+02 1.501680480468972974e+02 0.000000000000000000e+00 2.062806925354297860e+01 2.208620962330549844e+02 1.846905172184936357e-05 2.624489778852644173e-02 0.000000000000000000e+00 0.000000000000000000e+00 0.000000000000000000e+00 1.000000000000000000e+00 8.710725991510579479e+04 1.213601882560229370e+02 2.713075571339905068e+00 4.900315229029446868e+02
6.770036974143116282e-02 3.552484363867576544e-02 0.000000000000000000e+00 1.001186595882690590e-07 5.758600550060814826e-04 5.822657546549941117e+02 1.507041874289560326e+02 0.000000000000000000e+00 1.984312873671668243e+01 2.196395855939150294e+02 1.846905172184936357e-05 2.624489778852644173e-02 0.000000000000000000e+00 0.000000000000000000e+00 0.000000000000000000e+00 1.000000000000000000e+00 8.614562064261917840e+04 1.200204064369518306e+02 2.738361307231927722e+00 4.900412983313282211e+02
6.924600341753989197e-02 3.592878617483218073e-02 0.000000000000000000e+00 1.023913507253425354e-07 5.598340220981908380e-04 5.844329940021965513e+02 1.512404534443498676e+02 0.000000000000000000e+00 1.907529603062048551e+01 2.184087419085829822e+02 1.846905172184936357e-05 2.624489778852644173e-02 0.000000000000000000e+00 0.000000000000000000e+00 0.000000000000000000e+00 1.000000000000000000e+00 8.518281882516074984e+04 1.186790049288126170e+02 2.764014898392070929e+00 4.899642310412374400e+02
7.079163744227355559e-02 3.633272880209877098e-02 0.000000000000000000e+00 1.046895470469204414e-07 5.453003577514029107e-04 5.864418690246428696e+02 1.517384336973037762e+02 0.000000000000000000e+00 1.838447748911931257e+01 2.172559964162140034e+02 1.846905172184936357e-05 2.624489778852644173e-02 0.000000000000000000e+00 0.000000000000000000e+00 0.000000000000000000e+00 1.000000000000000000e+00 8.428601424786070129e+04 1.174295525589864155e+02 2.788206519578713571e+00 4.900177847757906306e+02
7.233727180429684600e-02 3.673667151751390525e-02 0.000000000000000000e+00 1.070132485527206888e-07 5.294710430216452738e-04 5.886270828598388789e+02 1.522811568076761546e+02 0.000000000000000000e+00 1.764372166791702767e+01 2.159921712546866956e+02 1.846905172184936357e-05 2.624489778852644173e-02 0.000000000000000000e+00 0.000000000000000000e+00 0.000000000000000000e+00 1.000000000000000000e+00 8.330824650591770478e+04 1.160673001204581283e+02 2.814944988663740322e+00 4.898628924565767306e+02
7.388290649275845723e-02 3.714061431824663972e-02 0.000000000000000000e+00 1.093624552428832231e-07 5.175824557254133989e-04 5.903188238720450727e+02 1.527018417501313365e+02 0.000000000000000000e+00 1.708996916484279538e+01 2.150031803027838748e+02 1.846905172184936357e-05 2.624489778852644173e-02 0.000000000000000000e+00 0.000000000000000000e+00 0.000000000000000000e+00 1.000000000000000000e+00 8.254708489341322274e+04 1.150068291944201633e+02 2.836001143064903918e+00 4.899549270150919256e+02
7.542854149727118429e-02 3.754455720157775372e-02 0.000000000000000000e+00 1.117371671176809478e-07 4.962827960921616099e-04 5.933345296858104803e+02 1.534548098358024504e+02 0.000000000000000000e+00 1.611649055416273768e+01 2.132232931761985810e+02 1.846905172184936357e-05 2.624489778852644173e-02 0.000000000000000000e+00 0.000000000000000000e+00 0.000000000000000000e+00 1.000000000000000000e+00 8.118602277304130257e+04 1.131105606707924238e+02 2.874251831024668746e+00 4.896993370423421652e+02
